-200
1 1
10 10
0 0
1 1
10 20
0 0
1 1
10 30
0 0
1 1
10 40
0 0
1 1
10 50
0 0
1 1
10 60
0 0
1 1
10 70
0 0
1 1
10 80
0 0
1 1
10 90
0 0
1 1
20 10
0 0
1 1
20 20
0 0
1 1
20 30
0 0
1 1
20 40
0 0
1 1
20 50
0 0
1 1
20 60
0 0
1 1
20 70
0 0
1 1
20 80
0 0
1 1
20 90
0 0
1 1
30 10
0 0
1 1
30 20
0 0
1 1
30 30
0 0
1 1
30 40
0 0
1 1
30 50
0 0
1 1
30 60
0 0
1 1
30 70
0 0
1 1
30 80
0 0
1 1
30 90
0 0
1 1
40 10
0 0
1 1
40 20
0 0
1 1
40 30
0 0
1 1
40 40
0 0
1 1
40 50
0 0
1 1
40 60
0 0
1 1
40 70
0 0
1 1
40 80
0 0
1 1
40 90
0 0
1 1
50 10
0 0
1 1
50 20
0 0
1 1
50 30
0 0
1 1
50 40
0 0
1 1
50 50
0 0
1 1
50 60
0 0
1 1
50 70
0 0
1 1
50 80
0 0
1 1
50 90
0 0
1 1
60 10
0 0
1 1
60 20
0 0
1 1
60 30
0 0
1 1
60 40
0 0
1 1
60 50
0 0
1 1
60 60
0 0
1 1
60 70
0 0
1 1
60 80
0 0
1 1
60 90
0 0
1 1
70 10
0 0
1 1
70 20
0 0
1 1
70 30
0 0
1 1
70 40
0 0
1 1
70 50
0 0
1 1
70 60
0 0
1 1
70 70
0 0
1 1
70 80
0 0
1 1
70 90
0 0
1 1
80 10
0 0
1 1
80 20
0 0
1 1
80 30
0 0
1 1
80 40
0 0
1 1
80 50
0 0
1 1
80 60
0 0
1 1
80 70
0 0
1 1
80 80
0 0
1 1
80 90
0 0
1 1
90 10
0 0
1 1
90 20
0 0
1 1
90 30
0 0
1 1
90 40
0 0
1 1
90 50
0 0
1 1
90 60
0 0
1 1
90 70
0 0
1 1
90 80
0 0
1 1
90 90
0 0
